id	label	x	y	cluster	weight<Links>	weight<Total link strength>	weight<Documents>	weight<Citations>	weight<Norm. citations>	score<Avg. pub. year>	score<Avg. citations>	score<Avg. norm. citations>
10	aerospace information research institute	1.2355	-0.043	1	13	34	13	148	13.3018	2021.3846	11.3846	1.0232
40	arizona state university-tempe	0.02	0.2134	2	9	9	14	424	26.7068	2018.9286	30.2857	1.9076
107	central south university	0.3707	-0.2445	1	4	6	14	148	9.4641	2018.2143	10.5714	0.676
111	centre national de la recherche scientifique (cnrs)	0.9215	0.3689	1	14	24	34	301	18.3945	2018.9706	8.8529	0.541
123	china university of geosciences	0.4078	0.2987	1	18	34	44	625	54.2626	2020.5909	14.2045	1.2332
130	chinese academy of sciences	0.9105	-0.4371	1	25	83	56	945	63.0535	2019.875	16.875	1.126
164	consiglio nazionale delle ricerche (cnr)	1.1514	0.2649	1	11	12	10	101	5.7727	2019.5	10.1	0.5773
188	delft university of technology	-0.2092	0.2942	5	3	4	19	708	40.9033	2018.3158	37.2632	2.1528
214	egyptian knowledge bank (ekb)	-0.4421	-0.5818	4	5	7	11	382	16.0177	2018.2727	34.7273	1.4562
224	eth zurich	-0.0083	0.8227	2	16	37	19	728	52.3698	2019.7895	38.3158	2.7563
261	george mason university	0.0316	-0.606	4	4	4	21	450	20.063	2017.5714	21.4286	0.9554
267	german aerospace centre (dlr)	0.753	0.7935	2	18	48	53	979	61.8005	2019.5094	18.4717	1.166
296	harvard university	-0.0978	0.253	3	4	6	11	205	14.4414	2021.0909	18.6364	1.3129
319	hong kong polytechnic university	0.7358	-0.1914	1	18	22	10	114	15.4682	2022.1	11.4	1.5468
344	imt - institut mines-telecom	0.6057	0.6311	1	4	11	13	101	6.0059	2018.8462	7.7692	0.462
362	inesc coimbra	-1.214	-0.0161	5	6	23	11	190	9.1403	2017.3636	17.2727	0.8309
381	institute of geographic sciences & natural resources research	0.8646	-0.8429	1	8	31	16	297	20.3311	2019.9375	18.5625	1.2707
393	international institute for applied systems analysis (iiasa)	-0.7857	-0.0672	5	13	31	20	520	25.6294	2017.75	26	1.2815
400	istanbul technical university	0.8906	-0.0018	1	13	15	13	118	9.9982	2020.1538	9.0769	0.7691
434	karlsruhe institute of technology	-0.4718	0.1449	3	2	3	13	80	7.6205	2019.4615	6.1538	0.5862
469	leibniz university hannover	-0.0831	1.1147	2	2	7	11	76	6.4744	2021.2727	6.9091	0.5886
497	massachusetts institute of technology (mit)	0.1845	-0.4323	1	3	3	12	321	17.2855	2017.6667	26.75	1.4405
499	maynooth university	-0.8752	-0.5718	3	9	19	23	616	20.1951	2014.2609	26.7826	0.878
528	nanjing normal university	0.5168	-0.8073	1	7	9	12	122	8.8508	2019.75	10.1667	0.7376
568	national university of singapore	0.1263	0.9219	2	9	14	26	605	73.3776	2020.5	23.2692	2.8222
605	norwegian university of science & technology (ntnu)	0.309	0.8277	2	13	24	16	227	25.4425	2021.5	14.1875	1.5902
610	ohio state university	-0.0692	-0.2391	4	1	1	11	76	4.4484	2018.0909	6.9091	0.4044
643	polytechnic university of milan	-0.7878	0.1864	5	8	16	23	392	22.9235	2017.4783	17.0435	0.9967
651	purdue university	0.5031	-0.2732	1	4	6	11	137	8.342	2017.4545	12.4545	0.7584
676	ruprecht karls university heidelberg	-0.1503	0.009	3	35	69	102	3644	170.5288	2017.4216	35.7255	1.6719
741	stanford university	0.0246	-0.1825	3	9	10	11	286	20.7313	2019.5455	26	1.8847
753	swiss federal institutes of technology domain	0.0347	0.59	2	22	44	24	950	68.1358	2019.875	39.5833	2.839
763	technical university of berlin	-0.3474	0.647	2	6	6	12	77	13.5289	2019.6667	6.4167	1.1274
767	technical university of munich	1.045	0.608	2	15	41	42	667	41.3057	2020.0952	15.881	0.9835
769	technion israel institute of technology	0.0405	-0.0051	6	0	0	10	59	5.1552	2019.6	5.9	0.5155
773	technische universitat wien	-0.4877	-0.2719	3	5	6	14	226	13.7803	2016.3571	16.1429	0.9843
806	tongji university	0.2617	-0.5171	1	12	15	14	721	37.5417	2019.2857	51.5	2.6816
811	tsinghua university	0.5924	-0.6152	1	6	8	12	464	29.2713	2020.6667	38.6667	2.4393
845	universidad de malaga	0.0405	-0.0051	7	0	0	10	84	3.7208	2016	8.4	0.3721
863	universidade de coimbra	-1.2018	-0.2835	5	6	25	15	347	16.5083	2017.3333	23.1333	1.1006
865	universidade de sao paulo	-0.6383	0.352	3	3	8	13	171	8.9371	2018.5385	13.1538	0.6875
923	universite gustave-eiffel	0.1592	0.1347	1	8	10	17	566	11.7276	2018.5882	33.2941	0.6899
938	university college dublin	-0.7406	-0.8725	3	3	11	22	533	17.3419	2015.5909	24.2273	0.7883
939	university college london	-0.4236	-1.2866	4	5	32	28	3794	44.4931	2016.8214	135.5	1.589
966	university of bonn	-0.4269	1	2	1	6	12	154	9.2596	2020.3333	12.8333	0.7716
975	university of calgary	-0.3098	-0.5526	4	5	5	10	291	13.4072	2018.3	29.1	1.3407
976	university of california berkeley	-0.2451	-0.4545	3	3	3	11	956	49.2313	2020.6364	86.9091	4.4756
982	university of california santa barbara	-0.0424	-0.6821	3	9	11	15	456	28.9272	2017.8667	30.4	1.9285
992	university of chinese academy of sciences	1.3084	-0.3913	1	15	49	21	259	19.9415	2020.7143	12.3333	0.9496
995	university of colorado boulder	-0.5156	0.5379	2	7	7	13	408	26.1237	2018.3846	31.3846	2.0095
1010	university of florida	-0.4021	-0.3502	3	1	5	17	437	18.2171	2016.1176	25.7059	1.0716
1027	university of hong kong	0.4068	-0.5453	1	9	12	10	514	29.0542	2020.6	51.4	2.9054
1049	university of london	-0.3795	-0.9456	4	10	38	39	3963	53.8988	2017.5128	101.6154	1.382
1063	university of melbourne	-0.5832	0.8189	2	5	7	14	156	12.7894	2020.2857	11.1429	0.9135
1069	university of minnesota twin cities	0.0404	-0.0052	8	0	0	15	285	12.9655	2018.1333	19	0.8644
1082	university of new south wales sydney	-0.3823	0.7218	2	3	5	10	52	10.4279	2022.1	5.2	1.0428
1101	university of oxford	-0.2752	0.3929	3	8	10	13	608	36.8546	2019.3077	46.7692	2.835
1143	university of southampton	-0.4536	-0.0329	3	3	5	11	503	27.2608	2019.0909	45.7273	2.4783
1144	university of southern california	-0.3823	0.4348	2	4	4	10	318	27.4519	2020.9	31.8	2.7452
1148	university of stuttgart	-0.1287	-0.2535	4	1	1	14	64	4.2118	2017	4.5714	0.3008
1155	university of tehran	0.5357	-0.3339	1	2	2	16	171	9.7813	2018.9375	10.6875	0.6113
1173	university of twente	-0.0935	-0.3888	3	13	13	18	443	28.8884	2019.1667	24.6111	1.6049
1182	university of warwick	-0.656	-0.1805	3	6	15	15	219	20.001	2020.6667	14.6	1.3334
1185	university of waterloo	-0.1898	-0.2437	4	2	2	12	140	11.6315	2019.9167	11.6667	0.9693
1198	university of zurich	-0.2709	0.8582	2	9	10	10	172	13.6425	2019.3	17.2	1.3642
1222	vrije universiteit amsterdam	-0.5997	0.1586	5	9	11	10	102	17.4731	2020.5	10.2	1.7473
1223	wageningen university & research	-0.2871	0.2171	2	8	8	11	535	31.2974	2019.2727	48.6364	2.8452
1238	wuhan university	0.6292	0.138	1	26	59	79	1134	89.6433	2019.6203	14.3544	1.1347
